	A/T	T/A	C/G	G/C	T/G	G/T	A/G	G/A	A/C	C/A	C/T	T/C	A/A	T/T	C/C	G/G
A/T	-1.01	-0.87	-1.45	-1.29	0.07	0.72	0.11	0.01	0.87	0.77	0.64	0.72	0.67	0.65	1.36	-0.15
T/A	-0.59	-1.01	-1.31	-1.46	0.34	0.43	0.48	0.70	0.92	1.33	0.98	0.78	0.70	0.67	1.01	0.48
C/G	-1.46	-1.29	-1.83	-2.16	-0.32	-0.47	0.01	0.09	0.75	0.79	0.60	0.39	0.40	-0.10	0.73	-0.15
G/C	-1.31	-1.45	-2.23	-1.83	-0.59	0.07	-0.29	-0.49	0.80	0.48	0.63	1.01	0.14	0.41	0.84	-1.10
T/G	0.43	0.72	0.07	-0.47	0.74	0.52	0.00	0.00	0.00	0.00	0.00	0.00	0.00	0.00	0.00	0.00
G/T	0.34	0.07	-0.59	-0.32	1.15	0.74	0.00	0.00	0.00	0.00	0.00	0.00	0.00	0.00	0.00	0.00
A/G	0.70	0.01	-0.49	0.09	0.00	0.00	0.00	0.00	0.00	0.00	0.00	0.00	0.00	0.00	0.00	0.00
G/A	0.48	0.11	-0.29	0.01	0.00	0.00	0.00	0.00	0.00	0.00	0.00	0.00	0.00	0.00	0.00	0.00
A/C	1.33	0.77	0.48	0.79	0.00	0.00	0.00	0.00	0.00	0.00	0.00	0.00	0.00	0.00	0.00	0.00
C/A	0.92	0.87	0.80	0.75	0.00	0.00	0.00	0.00	0.00	0.00	0.00	0.00	0.00	0.00	0.00	0.00
C/T	0.78	0.72	1.01	0.39	0.00	0.00	0.00	0.00	0.00	0.00	0.00	0.00	0.00	0.00	0.00	0.00
T/C	0.98	0.64	0.63	0.60	0.00	0.00	0.00	0.00	0.00	0.00	0.00	0.00	0.00	0.00	0.00	0.00
A/A	0.70	0.67	0.14	0.40	0.00	0.00	0.00	0.00	0.00	0.00	0.00	0.00	0.00	0.00	0.00	0.00
T/T	0.67	0.65	0.41	-0.10	0.00	0.00	0.00	0.00	0.00	0.00	0.00	0.00	0.00	0.00	0.00	0.00
C/C	1.01	1.36	0.84	0.73	0.00	0.00	0.00	0.00	0.00	0.00	0.00	0.00	0.00	0.00	0.00	0.00
G/G	0.48	-0.15	-1.10	-0.15	0.00	0.00	0.00	0.00	0.00	0.00	0.00	0.00	0.00	0.00	0.00	0.00

