	A/T	T/A	C/G	G/C	T/G	G/T	A/G	G/A	A/C	C/A	C/T	T/C	A/A	T/T	C/C	G/G
A/T	-7.9	-7.2	-8.4	-7.8	-2.5	1.0	-0.6	-0.7	2.3	5.3	0.7	-1.2	1.2	-2.7	0.0	-3.1
T/A	-7.2	-7.9	-8.2	-8.5	-1.3	-0.1	0.7	3.0	3.4	7.6	1.2	1.0	4.7	0.2	6.1	1.6
C/G	-8.5	-7.8	-8.0	-10.6	-2.8	-4.1	-0.7	-4.0	1.9	0.6	-0.8	-1.5	-0.9	-5.0	-1.5	-4.9
G/C	-8.2	-8.4	-9.8	-8.0	-4.4	3.3	-0.6	0.5	5.2	-0.7	2.3	5.2	-2.9	-2.2	3.6	-6.0
T/G	-0.1	1.0	3.3	-4.1	5.8	-1.4	0.0	0.0	0.0	0.0	0.0	0.0	0.0	0.0	0.0	0.0
G/T	-1.3	-2.5	-4.4	-2.8	4.1	5.8	0.0	0.0	0.0	0.0	0.0	0.0	0.0	0.0	0.0	0.0
A/G	3.0	-0.7	0.5	-4.0	0.0	0.0	0.0	0.0	0.0	0.0	0.0	0.0	0.0	0.0	0.0	0.0
G/A	0.7	-0.6	-0.6	-0.7	0.0	0.0	0.0	0.0	0.0	0.0	0.0	0.0	0.0	0.0	0.0	0.0
A/C	7.6	5.3	-0.7	0.6	0.0	0.0	0.0	0.0	0.0	0.0	0.0	0.0	0.0	0.0	0.0	0.0
C/A	3.4	2.3	5.2	1.9	0.0	0.0	0.0	0.0	0.0	0.0	0.0	0.0	0.0	0.0	0.0	0.0
C/T	1.0	-1.2	5.2	-1.5	0.0	0.0	0.0	0.0	0.0	0.0	0.0	0.0	0.0	0.0	0.0	0.0
T/C	1.2	0.7	2.3	-0.8	0.0	0.0	0.0	0.0	0.0	0.0	0.0	0.0	0.0	0.0	0.0	0.0
A/A	4.7	1.2	-2.9	-0.9	0.0	0.0	0.0	0.0	0.0	0.0	0.0	0.0	0.0	0.0	0.0	0.0
T/T	0.2	-2.7	-2.2	-5.0	0.0	0.0	0.0	0.0	0.0	0.0	0.0	0.0	0.0	0.0	0.0	0.0
C/C	6.1	0.0	3.6	-1.5	0.0	0.0	0.0	0.0	0.0	0.0	0.0	0.0	0.0	0.0	0.0	0.0
G/G	1.6	-3.1	-6.0	-4.9	0.0	0.0	0.0	0.0	0.0	0.0	0.0	0.0	0.0	0.0	0.0	0.0
