	A/T	T/A	C/G	G/C	T/G	G/T	A/G	G/A	A/C	C/A	C/T	T/C	A/A	T/T	C/C	G/G
A/T	-22.2	-20.4	-22.4	-21.0	-8.3	0.9	-2.3	-2.3	4.6	14.6	0.2	-6.2	1.7	-10.8	-4.4	-9.5
T/A	-21.3	-22.2	-22.2	-22.7	-5.3	-1.7	0.7	7.4	8.0	20.2	0.7	0.7	12.9	-1.5	16.4	3.6
C/G	-22.7	-21.0	-19.9	-27.2	-8.0	-11.7	-2.3	-13.2	3.7	-0.6	-4.5	-6.1	-4.2	-15.8	-7.2	-15.3
G/C	-22.2	-22.4	-24.4	-19.9	-12.3	10.4	-1.0	3.2	14.2	-3.8	5.4	13.5	-9.8	-8.4	8.9	-15.8
T/G	-1.7	0.9	10.4	-11.7	16.3	-6.2	0.0	0.0	0.0	0.0	0.0	0.0	0.0	0.0	0.0	0.0
G/T	-5.3	-8.3	-12.3	-8.0	9.5	16.3	0.0	0.0	0.0	0.0	0.0	0.0	0.0	0.0	0.0	0.0
A/G	7.4	-2.3	3.2	-13.2	0.0	0.0	0.0	0.0	0.0	0.0	0.0	0.0	0.0	0.0	0.0	0.0
G/A	0.7	-2.3	-1.0	-2.3	0.0	0.0	0.0	0.0	0.0	0.0	0.0	0.0	0.0	0.0	0.0	0.0
A/C	20.2	14.6	-3.8	-0.6	0.0	0.0	0.0	0.0	0.0	0.0	0.0	0.0	0.0	0.0	0.0	0.0
C/A	8.0	4.6	14.2	3.7	0.0	0.0	0.0	0.0	0.0	0.0	0.0	0.0	0.0	0.0	0.0	0.0
C/T	0.7	-6.2	13.5	-6.1	0.0	0.0	0.0	0.0	0.0	0.0	0.0	0.0	0.0	0.0	0.0	0.0
T/C	0.7	0.2	5.4	-4.5	0.0	0.0	0.0	0.0	0.0	0.0	0.0	0.0	0.0	0.0	0.0	0.0
A/A	12.9	1.7	-9.8	-4.2	0.0	0.0	0.0	0.0	0.0	0.0	0.0	0.0	0.0	0.0	0.0	0.0
T/T	-1.5	-10.8	-8.4	-15.8	0.0	0.0	0.0	0.0	0.0	0.0	0.0	0.0	0.0	0.0	0.0	0.0
C/C	16.4	-4.4	8.9	-7.2	0.0	0.0	0.0	0.0	0.0	0.0	0.0	0.0	0.0	0.0	0.0	0.0
G/G	3.6	-9.5	-15.8	-15.3	0.0	0.0	0.0	0.0	0.0	0.0	0.0	0.0	0.0	0.0	0.0	0.0
